[1,["a7YStUNeNCOKGpSntUY1g5","1brw/JvvpFnIvdrxpFCgMZ","12Y9dMgWdJKJGmTiZyQR9H@fc873","e5mwl4/EtGN4Hg8aLmhCkh@0c1ad","61vWBS1ilIUJUig5xZWAhO@77c0d","04hN9nKR1DCJb/xl6aVuwF@0c1ad","04hN9nKR1DCJb/xl6aVuwF@73b7f","70rd3Sb7FCTK7MCHVAWRj5@08ae2","56lAEXWo5N8b8Mj01F4yDE@0c1ad","56lAEXWo5N8b8Mj01F4yDE@73b7f","7dK8eVyD1Ejr2s30pZ8V9X@0c1ad","7dK8eVyD1Ejr2s30pZ8V9X@73b7f","70rd3Sb7FCTK7MCHVAWRj5@45540","2duANpl3ZOzaAc1fqh6a5Z@0c1ad","2duANpl3ZOzaAc1fqh6a5Z@73b7f","21/9W3u3dPmawiy5+6/xWv@0c1ad","21/9W3u3dPmawiy5+6/xWv@73b7f","52BTG8xQZDY7Fm1/5/tZdp@0c1ad","52BTG8xQZDY7Fm1/5/tZdp@73b7f","61vWBS1ilIUJUig5xZWAhO@73b7f","c0b+yo3BNM7qeCNPbUburR@0c1ad","c0b+yo3BNM7qeCNPbUburR@73b7f","04hN9nKR1DCJb/xl6aVuwF@bfae8","21/9W3u3dPmawiy5+6/xWv@bfae8","803//1d7BBcKdvqETJzkd7@6c48a","04hN9nKR1DCJb/xl6aVuwF@a25b0","04hN9nKR1DCJb/xl6aVuwF@438fe","4d5d8yxOtOGIshBkP7jdCm","12Y9dMgWdJKJGmTiZyQR9H@2e76e","bdRShARx5KlJhsVIgiiBXA","66qR6m/kdHhrQK7W7zQ2dz","3bRyyyF5NC+5I+Dztmo0UQ","502uYZvZhFSLRNpnUo4kGq","beXR7PR8ZDAKkPZK9HtBph","63WVdvjsVNtJuxmEY1AHIy","e8TfJQ09NFHqHKcXeYXMIw","79Ql2XMzxOSoXMD1N0YpOh","26yKZT/qJAZ44uk3LUqG96","bendYrHNxLF4IFTZEhfPlo","aa5R2GXCdN94b36WcFaPPg","d1jg//uJpOFoBYKzH2dS4O","a2rtQBlqBJzb1J+ZjRx61A","dbrYVbAYBD247xtnM70bD3","d8s+o8u91BJIF63DohTXkt","22HyLZJNJGop8bIdj1vHyF","80LLDzbUlLFLFR/dJmh1mf","2duANpl3ZOzaAc1fqh6a5Z@bfae8","23IwDN6RRBkrquSERRIoNK@6c48a","9fct4eM6hEZp3EvCs9K277@6c48a","a3zQCfCrBCDZJ4uf2rk5u8","e5mwl4/EtGN4Hg8aLmhCkh@defdd","e5mwl4/EtGN4Hg8aLmhCkh@438fe","e5mwl4/EtGN4Hg8aLmhCkh@1f586","e5mwl4/EtGN4Hg8aLmhCkh@cf5ee","e5mwl4/EtGN4Hg8aLmhCkh@bd671","e5mwl4/EtGN4Hg8aLmhCkh@d3923","e5mwl4/EtGN4Hg8aLmhCkh@ca16a","e5mwl4/EtGN4Hg8aLmhCkh@b4251","e5mwl4/EtGN4Hg8aLmhCkh@1e57b","e5mwl4/EtGN4Hg8aLmhCkh@7e380","52BTG8xQZDY7Fm1/5/tZdp@bfae8","56lAEXWo5N8b8Mj01F4yDE@bfae8","61vWBS1ilIUJUig5xZWAhO@4b8d7","56lAEXWo5N8b8Mj01F4yDE@314f2","56lAEXWo5N8b8Mj01F4yDE@438fe","a2QA++1bpMqZRh7ZwBLdEB@6c48a","70rd3Sb7FCTK7MCHVAWRj5@d7de2","70rd3Sb7FCTK7MCHVAWRj5@934dc","7dK8eVyD1Ejr2s30pZ8V9X@29590","7dK8eVyD1Ejr2s30pZ8V9X@438fe","7dK8eVyD1Ejr2s30pZ8V9X@bfae8","70rd3Sb7FCTK7MCHVAWRj5@48810","70rd3Sb7FCTK7MCHVAWRj5@422ec","70rd3Sb7FCTK7MCHVAWRj5@770c7","2duANpl3ZOzaAc1fqh6a5Z@33b57","2duANpl3ZOzaAc1fqh6a5Z@438fe","78zleDbdtCPrnyXigZGy5r@6c48a","21/9W3u3dPmawiy5+6/xWv@ec788","21/9W3u3dPmawiy5+6/xWv@438fe","52BTG8xQZDY7Fm1/5/tZdp@9a24d","52BTG8xQZDY7Fm1/5/tZdp@438fe","c0b+yo3BNM7qeCNPbUburR@bfae8","61vWBS1ilIUJUig5xZWAhO@41a51","61vWBS1ilIUJUig5xZWAhO@438fe","9b5i1PceNKSJYyqVgl/1Jx@6c48a","2cHQqXfFBDnpXSFynKo7p4@6c48a","e5mwl4/EtGN4Hg8aLmhCkh@bfae8","c0b+yo3BNM7qeCNPbUburR@aedba","c0b+yo3BNM7qeCNPbUburR@438fe"],["_parent","node","mainTexture","_effectAsset","_mesh","target","root","data","_skeleton","_defaultClip","collider","rigidbody","StrongArrow","CureIcon","Aureola","modelNode","_material"],[["cc.Node",["_name","_active","_prefab","_parent","_lpos","_children","_lrot","_euler","_components","_lscale"],1,4,1,5,2,5,5,9,5],["cc.Node",["_name","_children","_prefab","_lpos","_lrot","_euler"],2,12,4,5,5,5],["cc.Material",["_states","_defines","_techIdx","_props"],0,12],["cc.SkeletalAnimation",["playOnLoad","node","__prefab","_clips","_sockets","_defaultClip"],2,1,4,3,9,6],["cc.MeshRenderer",["_name","node","__prefab","_materials","lightmapSettings","_mesh"],2,1,4,3,4,6],["cc.Skeleton",["_name","_hash","_joints","_bindposes"],0,12],["cc.Mesh",["_native","_hash","_struct"],1,11],["cc.Prefab",["_name"],2],["cc.Node",["_name","_parent","_children","_prefab","_lpos","_lrot","_euler"],2,1,9,4,5,5,5],["cc.Node",["_name","_children","_components","_prefab"],2,2,12,4],["cc.CompPrefabInfo",["fileId"],2],["cc.SkeletalAnimation.Socket",["path","target"],2,1],["cc.PrefabInfo",["fileId","root","asset"],2,1,1],["cc.SkinnedMeshRenderer",["node","__prefab","_materials","lightmapSettings","_skinningRoot","_mesh","_skeleton"],3,1,4,3,4,1,6,6],["cc.ModelLightmapSettings",[],3],["8e04cmaow1ICI7b1Xqkm4Ab",["node","__prefab","modelNode","modelPrefabs","roleMaterials","Aureola","CureIcon","StrongArrow","rigidbody","collider"],3,1,4,1,3,3,1,1,1,1,1],["cc.RigidBody",["_group","_angularDamping","node","__prefab","_angularFactor"],1,1,4,5],["cc.CylinderCollider",["_radius","node","__prefab","_center"],2,1,4,5],["cc.PhysicsMaterial",["_friction","_rollingFriction","_spinningFriction","_restitution"],-1]],[[12,0,1,2,2],[0,0,3,2,4,6,7,2],[8,0,1,2,3,4,5,6,2],[0,0,3,5,2,4,6,7,2],[10,0,2],[0,0,5,2,4,6,7,2],[14,1],[11,0,1,2],[2,0,1,3,3],[6,0,1,2,3],[7,0,2],[0,0,3,8,2,6,7,2],[5,0,1,2,3,4],[0,0,5,8,2,2],[0,0,3,5,2,6,7,2],[1,0,1,2,3,4,5,2],[1,0,1,2,3,2],[13,0,1,2,3,4,5,6,1],[0,0,3,5,2,4,2],[3,1,2,3,4,5,1],[4,1,2,3,4,5,1],[2,2,0,1,3,4],[0,0,3,8,2,6,9,7,2],[0,0,3,2,4,2],[0,0,3,8,2,4,2],[4,0,1,2,3,4,5,2],[0,0,1,3,5,2,4,9,3],[0,0,1,3,5,2,4,6,7,3],[0,0,1,3,5,2,4,6,9,7,3],[0,0,3,2,2],[0,0,3,8,2,4,9,2],[0,0,3,5,2,2],[0,0,3,8,2,2],[1,0,1,2,2],[9,0,1,2,3,2],[3,0,1,2,3,4,2],[15,0,1,2,3,4,5,6,7,8,9,1],[16,0,1,2,3,4,3],[17,0,1,2,3,2],[18,0,1,2,3,5]],[[[[8,[{"rasterizerState":{},"depthStencilState":{},"blendState":{"targets":[{}]}},{"rasterizerState":{},"depthStencilState":{},"blendState":{"targets":[{}]}},{"rasterizerState":{},"depthStencilState":{},"blendState":{"targets":[{}]}},{"rasterizerState":{},"depthStencilState":{},"blendState":{"targets":[{}]}}],[{"USE_OUTLINE_PASS":true,"USE_INSTANCING":true},{"USE_INSTANCING":true,"USE_BASE_COLOR_MAP":true,"BASE_COLOR_MAP_AS_SHADE_MAP_1":true,"BASE_COLOR_MAP_AS_SHADE_MAP_2":true},{},{}],[[{},[{"baseStep":0.7,"shadeStep":0},"mainColor",8,[4,4293519849],"specular",8,[4,1275068416],"mainTexture",6,0],{},{}],0,11,0,0]]],0,0,[0,0],[2,3],[22,0]],[[[12,"Skin-0",526991207,["Bip001/Bip001 Pelvis/Bip001 Spine/Bip001 Spine1/Bip001 Neck/Bip001 Head","Bip001/Bip001 Pelvis/Bip001 Spine/Bip001 Spine1","Bip001/Bip001 Pelvis/Bip001 Spine/Bip001 Spine1/Bip001 Neck/Bip001 R Clavicle/Bip001 R UpperArm/Bip001 R Forearm/Bip001 R Hand","Bip001/Bip001 Pelvis/Bip001 Spine/Bip001 Spine1/Bip001 Neck/Bip001 R Clavicle/Bip001 R UpperArm/Bip001 R Forearm/Bip001 R Hand/Bip001 R Finger2","Bip001/Bip001 Pelvis/Bip001 Spine/Bip001 Spine1/Bip001 Neck/Bip001 R Clavicle/Bip001 R UpperArm/Bip001 R Forearm/Bip001 R Hand/Bip001 R Finger3","Bip001/Bip001 Pelvis/Bip001 Spine/Bip001 Spine1/Bip001 Neck/Bip001 R Clavicle/Bip001 R UpperArm/Bip001 R Forearm/Bip001 R Hand/Bip001 R Finger1","Bip001/Bip001 Pelvis/Bip001 Spine/Bip001 Spine1/Bip001 Neck/Bip001 R Clavicle/Bip001 R UpperArm/Bip001 R Forearm/Bip001 R Hand/Bip001 R Finger0","Bip001/Bip001 Pelvis/Bip001 Spine/Bip001 Spine1/Bip001 Neck/Bip001 R Clavicle/Bip001 R UpperArm/Bip001 R Forearm/Bip001 R Hand/Bip001 R Finger4","Bip001/Bip001 Pelvis/Bip001 Spine/Bip001 Spine1/Bip001 Neck/Bip001 R Clavicle/Bip001 R UpperArm/Bip001 R Forearm","Bip001/Bip001 Pelvis/Bip001 Spine/Bip001 Spine1/Bip001 Neck/Bip001 R Clavicle/Bip001 R UpperArm/Bip001 R Forearm/Bip001 R Hand/Bip001 R Finger0/Bip001 R Finger01","Bip001/Bip001 Pelvis/Bip001 Spine/Bip001 Spine1/Bip001 Neck/Bip001 R Clavicle/Bip001 R UpperArm/Bip001 R Forearm/Bip001 R Hand/Bip001 R Finger2/Bip001 R Finger21","Bip001/Bip001 Pelvis/Bip001 Spine/Bip001 Spine1/Bip001 Neck/Bip001 R Clavicle/Bip001 R UpperArm/Bip001 R Forearm/Bip001 R Hand/Bip001 R Finger1/Bip001 R Finger11","Bip001/Bip001 Pelvis/Bip001 Spine/Bip001 Spine1/Bip001 Neck/Bip001 R Clavicle/Bip001 R UpperArm/Bip001 R Forearm/Bip001 R Hand/Bip001 R Finger3/Bip001 R Finger31","Bip001/Bip001 Pelvis/Bip001 Spine/Bip001 Spine1/Bip001 Neck/Bip001 R Clavicle/Bip001 R UpperArm","Bip001/Bip001 Pelvis/Bip001 Spine/Bip001 Spine1/Bip001 Neck/Bip001 R Clavicle/Bip001 R UpperArm/Bip001 R Forearm/Bip001 R Hand/Bip001 R Finger4/Bip001 R Finger41","Bip001/Bip001 Pelvis/Bip001 Spine/Bip001 L Thigh/Bip001 L Calf/Bip001 L Foot","Bip001/Bip001 Pelvis/Bip001 Spine/Bip001 L Thigh/Bip001 L Calf","Bip001/Bip001 Pelvis/Bip001 Spine/Bip001 L Thigh","Bip001/Bip001 Pelvis","Bip001/Bip001 Pelvis/Bip001 Spine","Bip001/Bip001 Pelvis/Bip001 Spine/Bip001 Spine1/Bip001 Neck/Bip001 R Clavicle","Bip001/Bip001 Pelvis/Bip001 Spine/Bip001 Spine1/Bip001 Neck/Bip001 L Clavicle/Bip001 L UpperArm","Bip001/Bip001 Pelvis/Bip001 Spine/Bip001 Spine1/Bip001 Neck/Bip001 L Clavicle","Bip001/Bip001 Pelvis/Bip001 Spine/Bip001 R Thigh","Bip001/Bip001 Pelvis/Bip001 Spine/Bip001 Spine1/Bip001 Neck/Bip001 L Clavicle/Bip001 L UpperArm/Bip001 L Forearm","Bip001/Bip001 Pelvis/Bip001 Spine/Bip001 R Thigh/Bip001 R Calf/Bip001 R Foot","Bip001/Bip001 Pelvis/Bip001 Spine/Bip001 R Thigh/Bip001 R Calf","Bip001/Bip001 Pelvis/Bip001 Spine/Bip001 Spine1/Bip001 Neck/Bip001 L Clavicle/Bip001 L UpperArm/Bip001 L Forearm/Bip001 L Hand/Bip001 L Finger3","Bip001/Bip001 Pelvis/Bip001 Spine/Bip001 Spine1/Bip001 Neck/Bip001 L Clavicle/Bip001 L UpperArm/Bip001 L Forearm/Bip001 L Hand/Bip001 L Finger2","Bip001/Bip001 Pelvis/Bip001 Spine/Bip001 Spine1/Bip001 Neck/Bip001 L Clavicle/Bip001 L UpperArm/Bip001 L Forearm/Bip001 L Hand/Bip001 L Finger4","Bip001/Bip001 Pelvis/Bip001 Spine/Bip001 Spine1/Bip001 Neck/Bip001 L Clavicle/Bip001 L UpperArm/Bip001 L Forearm/Bip001 L Hand","Bip001/Bip001 Pelvis/Bip001 Spine/Bip001 Spine1/Bip001 Neck/Bip001 L Clavicle/Bip001 L UpperArm/Bip001 L Forearm/Bip001 L Hand/Bip001 L Finger1","Bip001/Bip001 Pelvis/Bip001 Spine/Bip001 Spine1/Bip001 Neck/Bip001 L Clavicle/Bip001 L UpperArm/Bip001 L Forearm/Bip001 L Hand/Bip001 L Finger0","Bip001/Bip001 Pelvis/Bip001 Spine/Bip001 Spine1/Bip001 Neck/Bip001 L Clavicle/Bip001 L UpperArm/Bip001 L Forearm/Bip001 L Hand/Bip001 L Finger0/Bip001 L Finger01","Bip001/Bip001 Pelvis/Bip001 Spine/Bip001 Spine1/Bip001 Neck/Bip001 L Clavicle/Bip001 L UpperArm/Bip001 L Forearm/Bip001 L Hand/Bip001 L Finger2/Bip001 L Finger21","Bip001/Bip001 Pelvis/Bip001 Spine/Bip001 Spine1/Bip001 Neck/Bip001 L Clavicle/Bip001 L UpperArm/Bip001 L Forearm/Bip001 L Hand/Bip001 L Finger1/Bip001 L Finger11","Bip001/Bip001 Pelvis/Bip001 Spine/Bip001 Spine1/Bip001 Neck/Bip001 L Clavicle/Bip001 L UpperArm/Bip001 L Forearm/Bip001 L Hand/Bip001 L Finger3/Bip001 L Finger31","Bip001/Bip001 Pelvis/Bip001 Spine/Bip001 Spine1/Bip001 Neck/Bip001 L Clavicle/Bip001 L UpperArm/Bip001 L Forearm/Bip001 L Hand/Bip001 L Finger4/Bip001 L Finger41"],[[[7,2.615833523123001e-7,-0.0000014278805338108214,1,0,-0.19080770015716553,-0.9816275238990784,-0.0000013517345678337733,0,0.9816274642944336,-0.19080771505832672,-5.292279752211471e-7,0,-1.7715915441513062,0.26697444915771484,8.446264132544457e-7,1],[7,1.0916177961561857e-9,-0.0000014026936696609482,1,0,-0.000796317879576236,-0.9999997019767761,-0.0000014026923054188956,0,0.9999996423721313,-0.0007963179377838969,-2.208607741138735e-9,0,-1.3339368104934692,-0.020966460928320885,-2.76084133332688e-8,1],[7,-0.9986426830291748,-0.0023561257403343916,0.05203309282660484,0,-0.052026405930519104,-0.0028164396062493324,-0.9986417293548584,0,0.002499474212527275,-0.9999931454658508,0.0026900360826402903,0,-0.8457804322242737,1.580673336982727,0.02453017607331276,1],[7,-0.9998397827148438,-0.0023146902676671743,-0.017753591760993004,0,0.01776188425719738,-0.003611674765124917,-0.9998356699943542,0,0.0022501901257783175,-0.999990701675415,0.003652209183201194,0,-1.2047808170318604,1.58063542842865,-0.0988980159163475,1],[7,-0.9993987083435059,-0.002314690500497818,0.03459831327199936,0,-0.03458982706069946,-0.003611675463616848,-0.9993951320648193,0,0.0024382486008107662,-0.999990701675415,0.003529439214617014,0,-1.1910854578018188,1.5807538032531738,0.07606423646211624,1],[7,-0.9962182641029358,-0.002314690500497818,0.08685537427663803,0,-0.0868467167019844,-0.0036116749979555607,-0.9962151050567627,0,0.002619623439386487,-0.999990701675415,0.00339699350297451,0,-1.22481107711792,1.580609679222107,-0.06101372838020325,1],[7,-0.7987623810768127,-0.22000913321971893,0.5599774122238159,0,-0.4012894332408905,0.8882880806922913,-0.22340796887874603,0,-0.44826942682266235,-0.4031628668308258,-0.7978184223175049,0,-0.22532792389392853,0.5505208969116211,1.7530630826950073,1],[7,-0.9986426830291748,-0.0023146902676671743,0.052034951746463776,0,-0.052026405930519104,-0.0036116752307862043,-0.9986391663551331,0,0.002499474212527275,-0.999990701675415,0.0034863478504121304,0,-1.1739858388900757,1.5807726383209229,0.1822999268770218,1],[7,-0.9950442314147949,-0.052034951746463776,0.0847315564751625,0,-0.05214320495724678,0.9986391663551331,0.0009365117293782532,0,-0.08466499298810959,-0.0034863040782511234,-0.9964033365249634,0,-0.4098431468009949,-0.02327151969075203,1.6483922004699707,1],[7,-0.8117984533309937,-0.13401643931865692,0.5683509707450867,0,-0.34837451577186584,0.89227294921875,-0.2872005105018616,0,-0.46863460540771484,-0.43114790320396423,-0.7710338234901428,0,-0.3224206268787384,0.6904691457748413,1.7082347869873047,1],[7,-0.9991841912269592,-0.03627384826540947,-0.017753591760993004,0,0.017874309793114662,-0.0030062918085604906,-0.9998356699943542,0,0.036214523017406464,-0.9993373155593872,0.003652209183201194,0,-1.3979558944702148,1.5340375900268555,-0.0988980159163475,1],[7,-0.9956613779067993,0.03338431566953659,0.08685537427663803,0,-0.0869203507900238,-0.0004973745089955628,-0.9962151050567627,0,-0.033214762806892395,-0.9994423389434814,0.00339699350297451,0,-1.3168373107910156,1.6288419961929321,-0.061013735830783844,1],[7,-0.998839795589447,0.03349827975034714,0.03459831327199936,0,-0.0346970297396183,-0.0023698974400758743,-0.9993951320648193,0,-0.033396027982234955,-0.9994358420372009,0.003529439214617014,0,-1.2657389640808105,1.627153992652893,0.07606424391269684,1],[7,-0.9872817993164062,0.13451920449733734,0.0847315639257431,0,0.13508355617523193,0.9908338189125061,0.0009365063742734492,0,-0.08382892608642578,0.012370437383651733,-0.9964033365249634,0,-0.23963849246501923,0.053599514067173004,1.6483922004699707,1],[7,-0.9980841875076294,0.03347118943929672,0.052034951746463776,0,-0.05212240666151047,-0.001745091751217842,-0.9986391663551331,0,-0.03333484008908272,-0.9994380474090576,0.0034863478504121304,0,-1.1969971656799316,1.6247080564498901,0.1822999268770218,1],[7,4.371138828673793e-8,0.000001370906943520822,-1,0,-6.123234262925839e-17,-1,-0.000001370906943520822,0,-1,5.998547741425247e-14,-4.371139183945161e-8,0,0.1057131215929985,0.01602417603135109,0.20828697085380554,1],[7,-3.757035358376015e-7,0.0000013291395362102776,-1,0,0.1542065441608429,-0.9880386590957642,-0.0000013711771771340864,0,-0.9880385994911194,-0.1542065590620041,1.662476165620319e-7,0,0.40274497866630554,0.03213416785001755,0.20828694105148315,1],[7,-1.1000216204593016e-7,0.0000013768315056950087,-1,0,-0.0409182645380497,-0.999162495136261,-0.0000013711774045077618,0,-0.9991624355316162,0.0409182645380497,1.662476165620319e-7,0,0.9051387310028076,-0.04681596904993057,0.20828694105148315,1],[7,0.0000013868000223737909,0.0000027577070795814507,1,0,6.123234262925839e-17,-1,0.0000027577070795814507,0,1,-3.8243271396898315e-12,-0.0000013868001360606286,0,-0.9062963128089905,-0.009740011766552925,0.000001283711867472448,1],[7,1.0916177961561857e-9,-0.0000014026936696609482,1,0,-0.000796317879576236,-0.9999997019767761,-0.0000014026923054188956,0,0.9999996423721313,-0.0007963179377838969,-2.208607741138735e-9,0,-1.050612449645996,-0.021218091249465942,-2.8306331500971282e-8,1],[7,-1,-0.000001370906943520822,4.371145223558415e-8,0,-0.000001370906943520822,1,5.6276865627443926e-14,0,-4.3711455788297826e-8,-3.647466172412156e-15,-1,0,-0.21923407912254333,0.022280193865299225,1.6217118501663208,1],[7,0.9872813820838928,-0.13452193140983582,0.0847315639257431,0,0.1350862681865692,0.9908334612846375,-0.000936273776460439,0,-0.08382891863584518,0.012370436452329159,0.9964033365249634,0,-0.23963843286037445,0.05359950661659241,-1.6483922004699707,1],[7,1,-0.000001370906943520822,4.371133144331907e-8,0,0.000001370906943520822,1,6.350475700855895e-14,0,-4.371133144331907e-8,-3.580592074193482e-15,1,0,-0.21923401951789856,0.022280193865299225,-1.6217118501663208,1],[7,4.7493450949787075e-8,0.000001369840674669831,-1,0,-0.0409182645380497,-0.999162495136261,-0.0000013706369372812333,0,-0.9991624355316162,0.0409182645380497,8.597827338974184e-9,0,0.9051386713981628,-0.04681596904993057,-0.20828711986541748,1],[7,0.9950444102287292,0.052032217383384705,0.0847315639257431,0,-0.052140481770038605,0.9986393451690674,-0.0009362795972265303,0,-0.08466499298810959,-0.003486304311081767,0.9964033365249634,0,-0.4098430871963501,-0.02327151969075203,-1.6483922004699707,1],[7,4.371138828673793e-8,0.000001370906943520822,-1,0,-6.123234262925839e-17,-1,-0.000001370906943520822,0,-1,5.998547741425247e-14,-4.371139183945161e-8,0,0.1057131364941597,0.01602417603135109,-0.20828711986541748,1],[7,-2.1985617593145435e-7,0.0000013529164561987272,-1,0,0.1542065441608429,-0.9880386590957642,-0.000001370637050968071,0,-0.9880385994911194,-0.1542065590620041,8.597827338974184e-9,0,0.40274494886398315,0.03213416039943695,-0.20828711986541748,1],[7,0.9993988275527954,0.002314700512215495,0.03459557145833969,0,-0.034587085247039795,-0.0036116689443588257,0.9993951916694641,0,0.00243824883364141,-0.999990701675415,-0.0035294389817863703,0,-1.1910854578018188,1.5807538032531738,-0.07606422901153564,1],[7,0.9998397827148438,0.0023147002793848515,-0.017756331712007523,0,0.0177646242082119,-0.003611668711528182,0.9998356699943542,0,0.002250190358608961,-0.999990701675415,-0.003652209648862481,0,-1.2047808170318604,1.58063542842865,0.0988980159163475,1],[7,0.9986428022384644,0.0023147002793848515,0.052032221108675,0,-0.05202367529273033,-0.0036116689443588257,0.9986393451690674,0,0.002499474212527275,-0.999990701675415,-0.003486348083242774,0,-1.1739858388900757,1.5807726383209229,-0.1822999268770218,1],[7,0.9986428022384644,0.002356133656576276,0.05203035846352577,0,-0.05202367529273033,-0.0028164333198219538,0.9986419081687927,0,0.002499474212527275,-0.9999931454658508,-0.002690036315470934,0,-0.8457804322242737,1.580673336982727,-0.024530179798603058,1],[7,0.9962185621261597,0.002314700512215495,0.08685265481472015,0,-0.08684399724006653,-0.0036116689443588257,0.9962154030799866,0,0.0026196236722171307,-0.999990701675415,-0.0033969939686357975,0,-1.2248111963272095,1.580609679222107,0.06101371347904205,1],[7,0.7987634539604187,0.22000671923160553,0.5599768161773682,0,-0.4012872576713562,0.888288676738739,0.223409503698349,0,-0.44826942682266235,-0.4031628966331482,0.7978184223175049,0,-0.22532787919044495,0.5505208969116211,-1.7530632019042969,1],[7,0.8117994070053101,0.13401402533054352,0.5683502554893494,0,-0.34837234020233154,0.8922733664512634,0.28720203042030334,0,-0.46863463521003723,-0.4311479330062866,0.7710338234901428,0,-0.3224206268787384,0.6904691457748413,-1.7082349061965942,1],[7,0.999184250831604,0.036273859441280365,-0.017756331712007523,0,0.01787704788148403,-0.003006192622706294,0.9998356699943542,0,0.03621452674269676,-0.9993373155593872,-0.003652209648862481,0,-1.3979558944702148,1.5340375900268555,0.0988980233669281,1],[7,0.9956616759300232,-0.03338431566953659,0.08685265481472015,0,-0.08691763877868652,-0.000497465836815536,0.9962154030799866,0,-0.033214766532182693,-0.9994423389434814,-0.0033969939686357975,0,-1.3168373107910156,1.6288419961929321,0.06101372838020325,1],[7,0.9988399147987366,-0.03349827602505684,0.03459557518362999,0,-0.03469429537653923,-0.002369989175349474,0.9993951916694641,0,-0.03339603170752525,-0.9994358420372009,-0.0035294389817863703,0,-1.265738844871521,1.627153992652893,-0.07606422901153564,1],[7,0.9980843663215637,-0.033471185714006424,0.052032221108675,0,-0.05211967974901199,-0.00174518337007612,0.9986393451690674,0,-0.03333484008908272,-0.9994380474090576,-0.003486348083242774,0,-1.1969971656799316,1.6247080564498901,-0.18229994177818298,1]],8,8,8,8,8,8,8,8,8,8,8,8,8,8,8,8,8,8,8,8,8,8,8,8,8,8,8,8,8,8,8,8,8,8,8,8,8,8]]],0,0,[],[],[]],[[[9,".bin",2860725219,[{"primitives":[{"primitiveMode":7,"jointMapIndex":0,"vertexBundelIndices":[0],"indexView":{"offset":99576,"length":9852,"count":4926,"stride":2}},{"primitiveMode":7,"jointMapIndex":1,"vertexBundelIndices":[1],"indexView":{"offset":155580,"length":4974,"count":2487,"stride":2}}],"vertexBundles":[{"view":{"offset":0,"length":99576,"count":1383,"stride":72},"attributes":[{"name":"a_position","format":32,"isNormalized":false},{"name":"a_normal","format":32,"isNormalized":false},{"name":"a_texCoord","format":21,"isNormalized":false},{"name":"a_tangent","format":44,"isNormalized":false},{"name":"a_joints","format":42,"isNormalized":false},{"name":"a_weights","format":44,"isNormalized":false}]},{"view":{"offset":109428,"length":46152,"count":641,"stride":72},"attributes":[{"name":"a_position","format":32,"isNormalized":false},{"name":"a_normal","format":32,"isNormalized":false},{"name":"a_texCoord","format":21,"isNormalized":false},{"name":"a_tangent","format":44,"isNormalized":false},{"name":"a_joints","format":42,"isNormalized":false},{"name":"a_weights","format":44,"isNormalized":false}]}],"jointMaps":[[0,1,2,3,4,5,6,7,8,9,10,11,12,13,14,15,16,17,18,19,20,21,22,23,24,25,26],[0,1,8,13,16,17,18,19,20,21,22,23,24,26,27,28,29,30,31,32,33,34,35,36,37]]},"minPosition",8,[1,-1.5110490322113037,-0.5325450897216797,-0.007594853173941374],"maxPosition",8,[1,1.5110499858856201,0.3604923188686371,2.532038927078247]]],-1],0,0,[],[],[]],[[[9,".bin",3383603168,[{"primitives":[{"primitiveMode":7,"vertexBundelIndices":[0],"indexView":{"offset":224,"length":24,"count":6,"stride":4}}],"vertexBundles":[{"view":{"offset":0,"length":224,"count":4,"stride":56},"attributes":[{"name":"a_position","format":32,"isNormalized":false},{"name":"a_normal","format":32,"isNormalized":false},{"name":"a_texCoord","format":21,"isNormalized":false},{"name":"a_tangent","format":44,"isNormalized":false},{"name":"a_texCoord1","format":21,"isNormalized":false}]}]},"minPosition",8,[1,-0.5,-0.5,0],"maxPosition",8,[1,0.5,0.5,0]]],-1],0,0,[],[],[]],[[[8,[{"rasterizerState":{},"depthStencilState":{},"blendState":{"targets":[{}]}},{"rasterizerState":{},"depthStencilState":{},"blendState":{"targets":[{}]}},{"rasterizerState":{},"depthStencilState":{},"blendState":{"targets":[{}]}},{"rasterizerState":{},"depthStencilState":{},"blendState":{"targets":[{}]}}],[{"USE_OUTLINE_PASS":true,"USE_INSTANCING":true},{"USE_INSTANCING":true,"USE_BASE_COLOR_MAP":true,"BASE_COLOR_MAP_AS_SHADE_MAP_1":true,"BASE_COLOR_MAP_AS_SHADE_MAP_2":true},{},{}],[[{},[{"baseStep":0.7,"shadeStep":0},"mainColor",8,[4,4293519849],"specular",8,[4,1275068416],"mainTexture",6,0],{},{}],0,11,0,0]]],0,0,[0,0],[2,3],[23,0]],[[[12,"Skin-0",4188024083,["Bip001/Bip001 Pelvis/Bip001 Spine/Bip001 Spine1/Bip001 Neck/Bip001 Head","Bip001/Bip001 Pelvis/Bip001 Spine/Bip001 Spine1","Bip001/Bip001 Pelvis/Bip001 Spine","Bip001/Bip001 Pelvis/Bip001 Spine/Bip001 R Thigh/Bip001 R Calf/Bip001 R Foot","Bip001/Bip001 Pelvis/Bip001 Spine/Bip001 R Thigh/Bip001 R Calf","Bip001/Bip001 Pelvis/Bip001 Spine/Bip001 R Thigh","Bip001/Bip001 Pelvis/Bip001 Spine/Bip001 L Thigh/Bip001 L Calf/Bip001 L Foot","Bip001/Bip001 Pelvis/Bip001 Spine/Bip001 L Thigh/Bip001 L Calf","Bip001/Bip001 Pelvis/Bip001 Spine/Bip001 L Thigh","Bip001/Bip001 Pelvis","Bip001/Bip001 Pelvis/Bip001 Spine/Bip001 Spine1/Bip001 Neck/Bip001 L Clavicle/Bip001 L UpperArm","Bip001/Bip001 Pelvis/Bip001 Spine/Bip001 Spine1/Bip001 Neck/Bip001 L Clavicle","Bip001/Bip001 Pelvis/Bip001 Spine/Bip001 Spine1/Bip001 Neck/Bip001 R Clavicle/Bip001 R UpperArm","Bip001/Bip001 Pelvis/Bip001 Spine/Bip001 Spine1/Bip001 Neck/Bip001 R Clavicle/Bip001 R UpperArm/Bip001 R Forearm","Bip001/Bip001 Pelvis/Bip001 Spine/Bip001 Spine1/Bip001 Neck/Bip001 R Clavicle","Bip001/Bip001 Pelvis/Bip001 Spine/Bip001 Spine1/Bip001 Neck/Bip001 L Clavicle/Bip001 L UpperArm/Bip001 L Forearm","Bip001/Bip001 Pelvis/Bip001 Spine/Bip001 Spine1/Bip001 Neck/Bip001 L Clavicle/Bip001 L UpperArm/Bip001 L Forearm/Bip001 L Hand","Bip001/Bip001 Pelvis/Bip001 Spine/Bip001 Spine1/Bip001 Neck/Bip001 R Clavicle/Bip001 R UpperArm/Bip001 R Forearm/Bip001 R Hand/Bip001 R Finger2","Bip001/Bip001 Pelvis/Bip001 Spine/Bip001 Spine1/Bip001 Neck/Bip001 R Clavicle/Bip001 R UpperArm/Bip001 R Forearm/Bip001 R Hand/Bip001 R Finger3","Bip001/Bip001 Pelvis/Bip001 Spine/Bip001 Spine1/Bip001 Neck/Bip001 R Clavicle/Bip001 R UpperArm/Bip001 R Forearm/Bip001 R Hand","Bip001/Bip001 Pelvis/Bip001 Spine/Bip001 Spine1/Bip001 Neck/Bip001 R Clavicle/Bip001 R UpperArm/Bip001 R Forearm/Bip001 R Hand/Bip001 R Finger1","Bip001/Bip001 Pelvis/Bip001 Spine/Bip001 Spine1/Bip001 Neck/Bip001 R Clavicle/Bip001 R UpperArm/Bip001 R Forearm/Bip001 R Hand/Bip001 R Finger4","Bip001/Bip001 Pelvis/Bip001 Spine/Bip001 Spine1/Bip001 Neck/Bip001 R Clavicle/Bip001 R UpperArm/Bip001 R Forearm/Bip001 R Hand/Bip001 R Finger4/Bip001 R Finger41","Bip001/Bip001 Pelvis/Bip001 Spine/Bip001 Spine1/Bip001 Neck/Bip001 R Clavicle/Bip001 R UpperArm/Bip001 R Forearm/Bip001 R Hand/Bip001 R Finger0","Bip001/Bip001 Pelvis/Bip001 Spine/Bip001 Spine1/Bip001 Neck/Bip001 R Clavicle/Bip001 R UpperArm/Bip001 R Forearm/Bip001 R Hand/Bip001 R Finger0/Bip001 R Finger01","Bip001/Bip001 Pelvis/Bip001 Spine/Bip001 Spine1/Bip001 Neck/Bip001 R Clavicle/Bip001 R UpperArm/Bip001 R Forearm/Bip001 R Hand/Bip001 R Finger2/Bip001 R Finger21","Bip001/Bip001 Pelvis/Bip001 Spine/Bip001 Spine1/Bip001 Neck/Bip001 R Clavicle/Bip001 R UpperArm/Bip001 R Forearm/Bip001 R Hand/Bip001 R Finger1/Bip001 R Finger11","Bip001/Bip001 Pelvis/Bip001 Spine/Bip001 Spine1/Bip001 Neck/Bip001 R Clavicle/Bip001 R UpperArm/Bip001 R Forearm/Bip001 R Hand/Bip001 R Finger3/Bip001 R Finger31","Bip001/Bip001 Pelvis/Bip001 Spine/Bip001 Spine1/Bip001 Neck/Bip001 L Clavicle/Bip001 L UpperArm/Bip001 L Forearm/Bip001 L Hand/Bip001 L Finger2","Bip001/Bip001 Pelvis/Bip001 Spine/Bip001 Spine1/Bip001 Neck/Bip001 L Clavicle/Bip001 L UpperArm/Bip001 L Forearm/Bip001 L Hand/Bip001 L Finger3","Bip001/Bip001 Pelvis/Bip001 Spine/Bip001 Spine1/Bip001 Neck/Bip001 L Clavicle/Bip001 L UpperArm/Bip001 L Forearm/Bip001 L Hand/Bip001 L Finger1","Bip001/Bip001 Pelvis/Bip001 Spine/Bip001 Spine1/Bip001 Neck/Bip001 L Clavicle/Bip001 L UpperArm/Bip001 L Forearm/Bip001 L Hand/Bip001 L Finger4","Bip001/Bip001 Pelvis/Bip001 Spine/Bip001 Spine1/Bip001 Neck/Bip001 L Clavicle/Bip001 L UpperArm/Bip001 L Forearm/Bip001 L Hand/Bip001 L Finger0","Bip001/Bip001 Pelvis/Bip001 Spine/Bip001 Spine1/Bip001 Neck/Bip001 L Clavicle/Bip001 L UpperArm/Bip001 L Forearm/Bip001 L Hand/Bip001 L Finger0/Bip001 L Finger01","Bip001/Bip001 Pelvis/Bip001 Spine/Bip001 Spine1/Bip001 Neck/Bip001 L Clavicle/Bip001 L UpperArm/Bip001 L Forearm/Bip001 L Hand/Bip001 L Finger2/Bip001 L Finger21","Bip001/Bip001 Pelvis/Bip001 Spine/Bip001 Spine1/Bip001 Neck/Bip001 L Clavicle/Bip001 L UpperArm/Bip001 L Forearm/Bip001 L Hand/Bip001 L Finger1/Bip001 L Finger11","Bip001/Bip001 Pelvis/Bip001 Spine/Bip001 Spine1/Bip001 Neck/Bip001 L Clavicle/Bip001 L UpperArm/Bip001 L Forearm/Bip001 L Hand/Bip001 L Finger3/Bip001 L Finger31","Bip001/Bip001 Pelvis/Bip001 Spine/Bip001 Spine1/Bip001 Neck/Bip001 L Clavicle/Bip001 L UpperArm/Bip001 L Forearm/Bip001 L Hand/Bip001 L Finger4/Bip001 L Finger41"],[[[7,2.615833523123001e-7,-0.0000014278805338108214,1,0,-0.19080770015716553,-0.9816275238990784,-0.0000013517345678337733,0,0.9816274642944336,-0.19080771505832672,-5.292279752211471e-7,0,-1.7715915441513062,0.26697444915771484,8.446264132544457e-7,1],[7,1.0916177961561857e-9,-0.0000014026936696609482,1,0,-0.000796317879576236,-0.9999997019767761,-0.0000014026923054188956,0,0.9999996423721313,-0.0007963179377838969,-2.208607741138735e-9,0,-1.3339368104934692,-0.020966460928320885,-2.76084133332688e-8,1],[7,1.0916177961561857e-9,-0.0000014026936696609482,1,0,-0.000796317879576236,-0.9999997019767761,-0.0000014026923054188956,0,0.9999996423721313,-0.0007963179377838969,-2.208607741138735e-9,0,-1.050612449645996,-0.021218091249465942,-2.8306331500971282e-8,1],[7,4.371138828673793e-8,0.000001370906943520822,-1,0,-6.123234262925839e-17,-1,-0.000001370906943520822,0,-1,5.998547741425247e-14,-4.371139183945161e-8,0,0.1057131364941597,0.01602417603135109,-0.20828711986541748,1],[7,-2.1985617593145435e-7,0.0000013529164561987272,-1,0,0.1542065441608429,-0.9880386590957642,-0.000001370637050968071,0,-0.9880385994911194,-0.1542065590620041,8.597827338974184e-9,0,0.40274494886398315,0.03213416039943695,-0.20828711986541748,1],[7,4.7493450949787075e-8,0.000001369840674669831,-1,0,-0.0409182645380497,-0.999162495136261,-0.0000013706369372812333,0,-0.9991624355316162,0.0409182645380497,8.597827338974184e-9,0,0.9051386713981628,-0.04681596904993057,-0.20828711986541748,1],[7,4.371138828673793e-8,0.000001370906943520822,-1,0,-6.123234262925839e-17,-1,-0.000001370906943520822,0,-1,5.998547741425247e-14,-4.371139183945161e-8,0,0.1057131215929985,0.01602417603135109,0.20828697085380554,1],[7,-3.757035358376015e-7,0.0000013291395362102776,-1,0,0.1542065441608429,-0.9880386590957642,-0.0000013711771771340864,0,-0.9880385994911194,-0.1542065590620041,1.662476165620319e-7,0,0.40274497866630554,0.03213416785001755,0.20828694105148315,1],[7,-1.1000216204593016e-7,0.0000013768315056950087,-1,0,-0.0409182645380497,-0.999162495136261,-0.0000013711774045077618,0,-0.9991624355316162,0.0409182645380497,1.662476165620319e-7,0,0.9051387310028076,-0.04681596904993057,0.20828694105148315,1],[7,0.0000013868000223737909,0.0000027577070795814507,1,0,6.123234262925839e-17,-1,0.0000027577070795814507,0,1,-3.8243271396898315e-12,-0.0000013868001360606286,0,-0.9062963128089905,-0.009740011766552925,0.000001283711867472448,1],[7,0.9872813820838928,-0.13452193140983582,0.0847315639257431,0,0.1350862681865692,0.9908334612846375,-0.000936273776460439,0,-0.08382891863584518,0.012370436452329159,0.9964033365249634,0,-0.23963843286037445,0.05359950661659241,-1.6483922004699707,1],[7,1,-0.000001370906943520822,4.371133144331907e-8,0,0.000001370906943520822,1,6.350475700855895e-14,0,-4.371133144331907e-8,-3.580592074193482e-15,1,0,-0.21923401951789856,0.022280193865299225,-1.6217118501663208,1],[7,-0.9872817993164062,0.13451920449733734,0.0847315639257431,0,0.13508355617523193,0.9908338189125061,0.0009365063742734492,0,-0.08382892608642578,0.012370437383651733,-0.9964033365249634,0,-0.23963849246501923,0.053599514067173004,1.6483922004699707,1],[7,-0.9950442314147949,-0.052034951746463776,0.0847315564751625,0,-0.05214320495724678,0.9986391663551331,0.0009365117293782532,0,-0.08466499298810959,-0.0034863040782511234,-0.9964033365249634,0,-0.4098431468009949,-0.02327151969075203,1.6483922004699707,1],[7,-1,-0.000001370906943520822,4.371145223558415e-8,0,-0.000001370906943520822,1,5.6276865627443926e-14,0,-4.3711455788297826e-8,-3.647466172412156e-15,-1,0,-0.21923407912254333,0.022280193865299225,1.6217118501663208,1],[7,0.9950444102287292,0.052032217383384705,0.0847315639257431,0,-0.052140481770038605,0.9986393451690674,-0.0009362795972265303,0,-0.08466499298810959,-0.003486304311081767,0.9964033365249634,0,-0.4098430871963501,-0.02327151969075203,-1.6483922004699707,1],[7,0.9986428022384644,0.002356133656576276,0.05203035846352577,0,-0.05202367529273033,-0.0028164333198219538,0.9986419081687927,0,0.002499474212527275,-0.9999931454658508,-0.002690036315470934,0,-0.8457804322242737,1.580673336982727,-0.024530179798603058,1],[7,-0.9998397827148438,-0.0023146902676671743,-0.017753591760993004,0,0.01776188425719738,-0.003611674765124917,-0.9998356699943542,0,0.0022501901257783175,-0.999990701675415,0.003652209183201194,0,-1.2047808170318604,1.58063542842865,-0.0988980159163475,1],[7,-0.9993987083435059,-0.002314690500497818,0.03459831327199936,0,-0.03458982706069946,-0.003611675463616848,-0.9993951320648193,0,0.0024382486008107662,-0.999990701675415,0.003529439214617014,0,-1.1910854578018188,1.5807538032531738,0.07606423646211624,1],[7,-0.9986426830291748,-0.0023561257403343916,0.05203309282660484,0,-0.052026405930519104,-0.0028164396062493324,-0.9986417293548584,0,0.002499474212527275,-0.9999931454658508,0.0026900360826402903,0,-0.8457804322242737,1.580673336982727,0.02453017607331276,1],[7,-0.9962182641029358,-0.002314690500497818,0.08685537427663803,0,-0.0868467167019844,-0.0036116749979555607,-0.9962151050567627,0,0.002619623439386487,-0.999990701675415,0.00339699350297451,0,-1.22481107711792,1.580609679222107,-0.06101372838020325,1],[7,-0.9986426830291748,-0.0023146902676671743,0.052034951746463776,0,-0.052026405930519104,-0.0036116752307862043,-0.9986391663551331,0,0.002499474212527275,-0.999990701675415,0.0034863478504121304,0,-1.1739858388900757,1.5807726383209229,0.1822999268770218,1],[7,-0.9980841875076294,0.03347118943929672,0.052034951746463776,0,-0.05212240666151047,-0.001745091751217842,-0.9986391663551331,0,-0.03333484008908272,-0.9994380474090576,0.0034863478504121304,0,-1.1969971656799316,1.6247080564498901,0.1822999268770218,1],[7,-0.7987623810768127,-0.22000913321971893,0.5599774122238159,0,-0.4012894332408905,0.8882880806922913,-0.22340796887874603,0,-0.44826942682266235,-0.4031628668308258,-0.7978184223175049,0,-0.22532792389392853,0.5505208969116211,1.7530630826950073,1],[7,-0.8117984533309937,-0.13401643931865692,0.5683509707450867,0,-0.34837451577186584,0.89227294921875,-0.2872005105018616,0,-0.46863460540771484,-0.43114790320396423,-0.7710338234901428,0,-0.3224206268787384,0.6904691457748413,1.7082347869873047,1],[7,-0.9991841912269592,-0.03627384826540947,-0.017753591760993004,0,0.017874309793114662,-0.0030062918085604906,-0.9998356699943542,0,0.036214523017406464,-0.9993373155593872,0.003652209183201194,0,-1.3979558944702148,1.5340375900268555,-0.0988980159163475,1],[7,-0.9956613779067993,0.03338431566953659,0.08685537427663803,0,-0.0869203507900238,-0.0004973745089955628,-0.9962151050567627,0,-0.033214762806892395,-0.9994423389434814,0.00339699350297451,0,-1.3168373107910156,1.6288419961929321,-0.061013735830783844,1],[7,-0.998839795589447,0.03349827975034714,0.03459831327199936,0,-0.0346970297396183,-0.0023698974400758743,-0.9993951320648193,0,-0.033396027982234955,-0.9994358420372009,0.003529439214617014,0,-1.2657389640808105,1.627153992652893,0.07606424391269684,1],[7,0.9998397827148438,0.0023147002793848515,-0.017756331712007523,0,0.0177646242082119,-0.003611668711528182,0.9998356699943542,0,0.002250190358608961,-0.999990701675415,-0.003652209648862481,0,-1.2047808170318604,1.58063542842865,0.0988980159163475,1],[7,0.9993988275527954,0.002314700512215495,0.03459557145833969,0,-0.034587085247039795,-0.0036116689443588257,0.9993951916694641,0,0.00243824883364141,-0.999990701675415,-0.0035294389817863703,0,-1.1910854578018188,1.5807538032531738,-0.07606422901153564,1],[7,0.9962185621261597,0.002314700512215495,0.08685265481472015,0,-0.08684399724006653,-0.0036116689443588257,0.9962154030799866,0,0.0026196236722171307,-0.999990701675415,-0.0033969939686357975,0,-1.2248111963272095,1.580609679222107,0.06101371347904205,1],[7,0.9986428022384644,0.0023147002793848515,0.052032221108675,0,-0.05202367529273033,-0.0036116689443588257,0.9986393451690674,0,0.002499474212527275,-0.999990701675415,-0.003486348083242774,0,-1.1739858388900757,1.5807726383209229,-0.1822999268770218,1],[7,0.7987634539604187,0.22000671923160553,0.5599768161773682,0,-0.4012872576713562,0.888288676738739,0.223409503698349,0,-0.44826942682266235,-0.4031628966331482,0.7978184223175049,0,-0.22532787919044495,0.5505208969116211,-1.7530632019042969,1],[7,0.8117994070053101,0.13401402533054352,0.5683502554893494,0,-0.34837234020233154,0.8922733664512634,0.28720203042030334,0,-0.46863463521003723,-0.4311479330062866,0.7710338234901428,0,-0.3224206268787384,0.6904691457748413,-1.7082349061965942,1],[7,0.999184250831604,0.036273859441280365,-0.017756331712007523,0,0.01787704788148403,-0.003006192622706294,0.9998356699943542,0,0.03621452674269676,-0.9993373155593872,-0.003652209648862481,0,-1.3979558944702148,1.5340375900268555,0.0988980233669281,1],[7,0.9956616759300232,-0.03338431566953659,0.08685265481472015,0,-0.08691763877868652,-0.000497465836815536,0.9962154030799866,0,-0.033214766532182693,-0.9994423389434814,-0.0033969939686357975,0,-1.3168373107910156,1.6288419961929321,0.06101372838020325,1],[7,0.9988399147987366,-0.03349827602505684,0.03459557518362999,0,-0.03469429537653923,-0.002369989175349474,0.9993951916694641,0,-0.03339603170752525,-0.9994358420372009,-0.0035294389817863703,0,-1.265738844871521,1.627153992652893,-0.07606422901153564,1],[7,0.9980843663215637,-0.033471185714006424,0.052032221108675,0,-0.05211967974901199,-0.00174518337007612,0.9986393451690674,0,-0.03333484008908272,-0.9994380474090576,-0.003486348083242774,0,-1.1969971656799316,1.6247080564498901,-0.18229994177818298,1]],8,8,8,8,8,8,8,8,8,8,8,8,8,8,8,8,8,8,8,8,8,8,8,8,8,8,8,8,8,8,8,8,8,8,8,8,8,8]]],0,0,[],[],[]],[[[9,".bin",60728692,[{"primitives":[{"primitiveMode":7,"jointMapIndex":0,"vertexBundelIndices":[0],"indexView":{"offset":138528,"length":16392,"count":8196,"stride":2}},{"primitiveMode":7,"jointMapIndex":1,"vertexBundelIndices":[1],"indexView":{"offset":199488,"length":5076,"count":2538,"stride":2}}],"vertexBundles":[{"view":{"offset":0,"length":138528,"count":1924,"stride":72},"attributes":[{"name":"a_position","format":32,"isNormalized":false},{"name":"a_normal","format":32,"isNormalized":false},{"name":"a_texCoord","format":21,"isNormalized":false},{"name":"a_tangent","format":44,"isNormalized":false},{"name":"a_joints","format":42,"isNormalized":false},{"name":"a_weights","format":44,"isNormalized":false}]},{"view":{"offset":154920,"length":44568,"count":619,"stride":72},"attributes":[{"name":"a_position","format":32,"isNormalized":false},{"name":"a_normal","format":32,"isNormalized":false},{"name":"a_texCoord","format":21,"isNormalized":false},{"name":"a_tangent","format":44,"isNormalized":false},{"name":"a_joints","format":42,"isNormalized":false},{"name":"a_weights","format":44,"isNormalized":false}]}],"jointMaps":[[0,1,2,3,4,5,6,7,8,9,10,11,12,13,14,15,16,17,18,19,20,21,22,23,24,25,26,27],[0,1,2,6,7,8,10,11,12,13,15,16,28,29,30,31,32,33,34,35,36,37]]},"minPosition",8,[1,-1.5080939531326294,-0.6601406931877136,-0.007207883056253195],"maxPosition",8,[1,1.5080939531326294,0.3672249913215637,2.586556911468506]]],-1],0,0,[],[],[]],[[[8,[{"rasterizerState":{},"depthStencilState":{},"blendState":{"targets":[{}]}},{"rasterizerState":{},"depthStencilState":{},"blendState":{"targets":[{}]}},{"rasterizerState":{},"depthStencilState":{},"blendState":{"targets":[{}]}}],[{"USE_ALBEDO_MAP":true},{},{}],[[[{"roughness":0.7071067690849304,"metallic":0.4000000059604645},"mainTexture",6,0],{},{}],11,0,0]]],0,0,[0,0],[2,3],[24,1]],[[[10,"Armored_Soldier"],[13,"Armored_Soldier",[-5,-6,-7,-8],[[19,-4,[4,"83R3RW3opGCaxAV2uJG/3r"],[4],[[7,"Bip001/Bip001 Pelvis/Bip001 Spine/Bip001 Spine1/Bip001 Neck/Bip001 R Clavicle/Bip001 R UpperArm/Bip001 R Forearm/Bip001 R Hand/Dummy001",-2],[7,"Bip001/Bip001 Pelvis/Bip001 Spine/Bip001 Spine1/Bip001 Neck/Bip001 Head",-3]],5]],[0,"d4rvZ31idDlJWCGC5VVOLL",-1,0]],[15,"Bip001 R Hand",[[-9,-10,-11,-12,-13,[1,"Dummy001",-14,[0,"f513PlMF1KKKjKfk3Cq6GY",1,0],[1,0.3259064555168152,0.08131122589111328,0.019248858094215393],[3,-0.07383257951885949,0.08445192192677806,-0.7015703373884444,0.7037156277795235],[1,72.15254644353388,85.00540559348804,-89.1221396513246]]],1,1,1,1,1,4],[0,"c60j0GHfZGKLAY1akzXbYr",1,0],[1,0.2949524521827698,1.862645149230957e-9,-2.220446049250313e-16],[3,0.7061524419599242,0.03085584019624055,-0.030831281219849085,0.7067149905995788],[1,89.95437412694433,4.999999765633449,-1.9642805627384483e-7]],[5,"Bip001 L Hand",[-15,-16,-17,-18,-19],[0,"d1aqjnnRBDuIQIkHvWNCzy",1,0],[1,0.2949524223804474,3.725290298461914e-9,-1.1920928955078125e-7],[3,-0.7061524420004769,-0.03085584019801253,-0.030831279358974496,0.7067149906401637],[1,-89.95437412035834,-4.999999614909861,-4.558439709211565e-8]],[5,"Bip001 Spine",[-20,-21,-22],[0,"a4Tj6notxLnI0ndEl+oPR6",1,0],[1,0.1442989706993103,0.012314694933593273,1.6584419881837675e-7],[3,-0.0000020804759106073234,-6.936759723456755e-7,0.0003981589901667566,0.9999999207323014],[1,-0.00023837338537102524,-0.00007939450691674307,0.045625660794268615]]